cmd: ./build/main
events: Ir
fl=./ctype/./ctype/ctype-info.c
fn=__ctype_init
29 1
31 7
33 4
35 4
36 1
fl=./debug/../sysdeps/x86_64/multiarch/ifunc-memmove.h
fn=__memcpy_chk
56 4
57 6
60 6
61 4
74 4
77 4
85 4
93 4
96 10
fn=__memmove_chk
56 4
57 6
60 6
61 4
74 4
77 4
85 4
93 4
96 10
fn=__mempcpy_chk
56 2
57 3
60 3
61 2
74 2
77 2
85 2
93 2
96 5
fl=./debug/../sysdeps/x86_64/multiarch/ifunc-memset.h
fn=__memset_chk
54 5
57 3
58 2
64 2
73 2
75 2
85 2
93 2
96 5
fl=./debug/../sysdeps/x86_64/multiarch/memcpy_chk.c
fn=__memcpy_chk
29 2
fl=./debug/../sysdeps/x86_64/multiarch/memmove_chk.c
fn=__memmove_chk
29 2
fl=./debug/../sysdeps/x86_64/multiarch/mempcpy_chk.c
fn=__mempcpy_chk
29 1
fl=./debug/../sysdeps/x86_64/multiarch/memset_chk.c
fn=__memset_chk
29 1
fl=./dlfcn/./dlerror.h
fn=_dlerror_run
54 210
61 126
67 126
fl=./dlfcn/./dlfcn/dlerror.c
fn=_dlerror_run
113 7378
114 1054
115 1054
117 84
121 485
131 84
138 2635
143 527
145 1581
151 1054
153 42
154 84
156 970
162 126
168 126
169 84
173 42
176 42
178 42
185 42
186 168
188 42
192 84
198 5797
fl=./dlfcn/./dlfcn/dlsym.c
fn=dlsym@@GLIBC_2.34
47 526
48 526
49 526
52 1578
54 3114
56 1052
64 3156
65 3156
68 526
69 4734
fn=dlsym_doit
37 3156
40 2588
41 1452
fl=./dlfcn/./dlfcn/dlvsym.c
fn=dlvsym@@GLIBC_2.34
49 1
50 1
51 1
52 1
55 3
57 6
59 2
67 6
68 6
72 1
73 9
fn=dlvsym_doit
38 6
41 6
42 3
fl=./elf/../bits/stdlib-bsearch.h
fn=intel_check_word.constprop.0
27 96
28 48
29 744
31 648
32 348
35 264
37 120
fl=./elf/../elf/dl-tls.c
fn=_dl_add_to_slotinfo
1017 36
1023 4
1026 4
1027 4
1031 12
1065 8
1068 8
1069 12
1072 24
fn=_dl_allocate_tls_init
523 11
524 2
528 2
531 1
534 2
537 3
549 1
554 32
560 11
563 12
564 8
570 12
571 8
573 31
576 8
577 8
580 8
581 16
583 8
584 8
593 4
601 8
603 40
609 4
615 2
618 2
621 9
fn=_dl_allocate_tls_storage
365 1
369 1
370 1
371 2
374 1
380 2
417 7
419 1
430 1
431 1
432 2
440 6
441 1
445 305
464 1
470 7
fn=_dl_assign_tls_modid
125 12
128 6
141 3
181 3
183 3
186 3
187 6
fn=_dl_count_modids
192 1
194 2
195 1
210 2
fn=_dl_determine_tlsoffset
216 9
217 1
218 1
219 1
222 4
225 2
259 1
261 32
263 11
265 12
266 8
268 8
270 20
281 4
286 32
288 8
289 4
291 1
292 2
294 4
301 1
302 7
304 2
354 1
355 8
fn=_dl_tls_static_surplus_init
83 3
97 8
100 6
101 5
102 3
104 4
107 1
109 1
111 3
112 6
fl=./elf/../include/list.h
fn=__tls_init_tp
43 2
44 2
45 1
47 1
fl=./elf/../include/rtld-malloc.h
fn=__minimal_calloc
56 19
fn=_dl_allocate_tls_storage
44 2
56 1
fn=_dl_check_map_versions
44 21
fn=_dl_error_free
50 42
fn=_dl_exception_create_format
56 126
fn=_dl_find_object_init
56 2
fn=_dl_important_hwcaps
56 4
fn=_dl_init_paths
56 3
fn=_dl_map_object_deps
56 14
fn=_dl_new_object
44 21
56 18
fn=do_lookup_x
44 13
fn=init_tls
44 2
fl=./elf/../include/scratch_buffer.h
fn=_dl_map_object_deps
77 2
78 1
85 3
131 24
fl=./elf/../misc/sbrk.c
fn=sbrk
37 6
40 1
58 2
62 2
78 5
fl=./elf/../nptl/nptl-stack.h
fn=__libc_early_init
61 8
fl=./elf/../sysdeps/generic/_itoa.h
fn=_dl_check_map_versions
76 42
fl=./elf/../sysdeps/generic/dl-cache.h
fn=_dl_load_cache_lookup
125 5
194 1
195 5
fl=./elf/../sysdeps/generic/dl-call_tls_init_tp.h
fn=init_tls
31 8
33 1
fl=./elf/../sysdeps/generic/dl-debug.h
fn=dl_main
29 4
30 1
fl=./elf/../sysdeps/generic/dl-hash.h
fn=__rtld_malloc_init_real
43 1
44 1
45 19
48 18
62 24
67 1
72 1
fn=_dl_vsym
31 1
32 6
34 2
35 3
37 2
38 3
40 2
41 3
43 2
44 1
45 22
48 18
62 24
67 2
fl=./elf/../sysdeps/generic/dl-new-hash.h
fn=_dl_lookup_symbol_x
69 2404
70 4808
74 43097
77 86194
80 41904
81 83808
87 1211
88 1211
89 2422
90 1211
99 40693
101 40693
102 81386
104 40693
105 40693
fl=./elf/../sysdeps/generic/dl-protected.h
fn=do_lookup_x
29 9360
fl=./elf/../sysdeps/generic/ldsodefs.h
fn=_dl_relocate_object
79 73
140 10470
fn=_dl_start
79 6
fn=do_lookup_x
139 4680
140 7020
fl=./elf/../sysdeps/nptl/dl-mutex.c
fn=__rtld_mutex_init
30 7
37 1
40 7
44 2
45 9
47 6
51 2
52 7
53 6
fl=./elf/../sysdeps/nptl/dl-tls_init_tp.c
fn=__tls_init_tp
68 5
69 1
72 1
75 4
76 2
77 1
82 2
87 4
90 1
93 3
105 4
121 3
128 2
129 3
fn=__tls_pre_init_tp
53 3
56 10
61 2
62 1
64 1
fn=rtld_mutex_dummy
42 180
44 360
fl=./elf/../sysdeps/nptl/pthread_early_init.h
fn=__libc_early_init
33 6
34 1
38 5
45 2
46 1
48 2
52 5
53 1
54 1
56 1
fl=./elf/../sysdeps/posix/dl-fileid.h
fn=_dl_map_object_from_fd
37 24
40 24
49 84
fl=./elf/../sysdeps/unix/sysv/linux/brk.c
fn=brk
36 1
37 1
38 2
44 1
45 1
fl=./elf/../sysdeps/unix/sysv/linux/brk_call.h
fn=brk
24 2
fl=./elf/../sysdeps/unix/sysv/linux/dl-osinfo.h
fn=dl_main
39 2
52 1
fl=./elf/../sysdeps/unix/sysv/linux/dl-parse_auxv.h
fn=_dl_sysdep_parse_arguments
32 2
33 1
34 1
41 85
42 40
43 40
45 1
46 2
47 2
48 2
49 1
51 2
52 2
53 2
54 2
56 2
fl=./elf/../sysdeps/unix/sysv/linux/dl-sysdep.c
fn=_dl_sysdep_parse_arguments
78 7
79 2
80 2
81 3
82 49
83 101
86 2
90 56
93 5
94 2
95 3
96 6
fn=_dl_sysdep_start
102 6
103 1
106 2
110 2
113 1
115 2
122 3
123 2
125 5
137 3
140 5
143 4
fn=_dl_sysdep_start_cleanup
147 1
148 1
fl=./elf/../sysdeps/unix/sysv/linux/dl-vdso-setup.h
fn=dl_main
30 1
33 1
36 1
39 1
45 1
fl=./elf/../sysdeps/unix/sysv/linux/dl-vdso.h
fn=dl_main
40 2
41 5
55 2
fl=./elf/../sysdeps/unix/sysv/linux/rseq-internal.h
fn=__tls_init_tp
32 3
34 7
37 2
40 1
fl=./elf/../sysdeps/unix/sysv/linux/x86/dl-hwcap2.h
fn=update_active.constprop.0
25 2
fl=./elf/../sysdeps/unix/sysv/linux/x86/dl-minsigstacksize.h
fn=get_common_indices.constprop.0
24 2
27 2
28 2
65 3
72 1
74 1
fl=./elf/../sysdeps/x86/cpu-features.c
fn=get_common_indices.constprop.0
398 3
402 4
405 5
409 1
410 4
411 4
412 4
413 3
414 2
421 2
423 9
428 8
435 2
436 7
442 2
457 3
fn=init_cpu_features.constprop.0
376 3
377 2
378 6
383 2
384 6
389 2
390 7
682 8
685 1
686 1
687 1
690 1
699 3
702 6
703 1
706 2
708 6
713 1
715 3
717 9
721 7
774 3
781 2
799 1
832 2
866 4
869 2
870 1
878 2
885 2
887 2
891 2
897 2
899 1
1001 3
1002 2
1005 2
1006 2
1012 1
1013 1
1014 1
1015 2
1019 4
1022 4
1028 3
1041 2
1042 4
1081 1
1082 2
1086 3
1103 2
1104 2
1106 3
1107 2
1109 3
1110 2
1113 2
1127 4
1129 4
1135 4
1142 8
fn=update_active.constprop.0
72 8
76 1
84 3
85 3
86 1
94 4
95 1
103 4
104 1
109 4
112 4
113 1
116 5
117 2
121 5
122 3
123 3
124 2
128 5
129 5
130 3
132 2
133 4
147 2
151 7
152 4
154 3
158 4
161 1
164 2
166 2
170 1
171 1
178 4
180 5
186 4
188 5
190 4
195 5
244 3
245 3
261 4
277 2
281 2
282 1
285 4
289 2
293 3
294 2
296 1
297 1
300 2
302 1
305 2
356 5
360 3
369 1
370 8
fl=./elf/../sysdeps/x86/dl-cacheinfo.h
fn=get_common_cache_info.constprop.0
571 11
586 1
587 1
588 2
589 1
590 2
596 3
598 7
601 2
613 1
618 3
622 2
627 5
630 24
637 8
640 26
645 2
649 3
650 2
654 2
658 3
661 4
662 1
667 4
673 4
681 6
683 2
685 4
687 12
689 1
690 1
691 9
693 4
696 7
701 1
703 4
704 3
705 1
708 2
711 2
718 1
720 4
721 1
726 2
731 2
732 1
733 2
734 1
759 3
770 5
771 5
775 2
782 1
783 2
784 1
785 7
fn=handle_intel.constprop.0
250 108
255 24
261 12
262 12
267 48
271 24
276 24
279 60
281 24
284 60
286 24
305 96
fn=init_cpu_features.constprop.0
792 1
793 1
795 1
809 2
811 3
812 3
813 3
814 2
817 3
819 3
820 2
822 3
824 3
825 1
827 3
829 3
830 2
832 3
834 3
836 3
838 5
894 2
895 2
896 2
897 2
898 2
899 2
900 1
901 1
902 1
903 1
904 1
905 1
907 1
910 3
924 3
925 7
930 2
931 6
932 2
939 3
959 6
968 2
969 2
974 12
987 5
995 7
997 2
1000 5
1002 2
1005 5
1006 5
1010 6
1011 3
1017 7
1020 11
1021 10
1022 13
1025 10
1027 10
1040 4
1042 2
1043 2
1044 1
1045 1
1046 1
1047 1
fn=intel_check_word.constprop.0
110 648
113 324
119 216
123 48
125 12
129 120
131 144
133 60
135 120
143 120
152 12
155 138
158 99
162 58
164 189
167 120
168 72
169 60
170 48
172 11
174 22
176 12
177 16
178 12
179 20
180 14
181 12
183 8
184 12
187 21
190 2
194 192
202 168
216 48
246 144
fl=./elf/../sysdeps/x86/dl-get-cpu-features.c
fn=__x86_cpu_features
39 3
71 3
fn=_dl_x86_init_cpu_features
37 1
39 3
41 1
fl=./elf/../sysdeps/x86/dl-isa-level.h
fn=_dl_load_cache_lookup
28 30
fl=./elf/../sysdeps/x86/dl-procinfo.h
fn=_dl_load_cache_lookup
39 10
42 35
fl=./elf/../sysdeps/x86/dl-prop.h
fn=_dl_map_object_from_fd
149 24
fn=_dl_process_pt_gnu_property
95 40
102 20
115 20
118 10
252 8
253 4
254 12
255 6
257 40
258 3
260 10
fn=dl_main
36 2
37 27
40 11
49 46
53 38
71 2
149 4
235 4
236 2
fl=./elf/../sysdeps/x86/get-isa-level.h
fn=_dl_hwcaps_subdirs_active
30 4
31 1
32 3
36 3
39 4
40 4
45 4
48 2
51 5
53 4
54 2
55 2
58 4
fn=update_active.constprop.0
28 1
30 4
31 1
32 3
36 3
38 1
39 2
40 4
45 4
47 1
48 2
51 5
53 4
54 2
55 2
57 1
58 4
fl=./elf/../sysdeps/x86_64/dl-cet.c
fn=_dl_cet_check
275 2
276 1
277 2
282 4
283 3
285 2
293 5
361 8
363 6
fn=_dl_cet_setup_features
331 1
334 2
350 1
fl=./elf/../sysdeps/x86_64/dl-hwcaps-subdirs.c
fn=_dl_hwcaps_subdirs_active
29 1
38 3
43 1
48 1
52 1
fl=./elf/../sysdeps/x86_64/dl-irel.h
fn=_dl_sym
32 32
fl=./elf/../sysdeps/x86_64/dl-machine.h
fn=_dl_fixup
234 4
fn=_dl_relocate_object
81 36
87 12
91 9
97 3
108 9
129 6
132 6
134 12
267 7014
274 7014
278 7014
287 28405
290 7021
291 136
292 13940
295 6
296 9
307 6
314 15
317 21042
320 78
323 78
346 8
347 12
352 6
354 4
363 4
393 40
400 63
402 84
406 63
415 42
423 9738
436 7
476 136
478 68
479 68
498 9540
499 3180
503 6360
504 6360
514 2442
518 2442
521 3663
522 1221
730 16
734 8
fn=_dl_start
55 1
278 9
287 27
290 6
291 12
317 8
323 2
fn=_dl_sysdep_start
220 1
fl=./elf/../sysdeps/x86_64/dl-runtime.h
fn=_dl_fixup
28 4
fl=./elf/../sysdeps/x86_64/dl-trampoline.h
fn=_dl_runtime_resolve_xsave
71 4
76 4
79 4
81 4
91 4
97 4
98 4
99 4
100 4
101 4
102 4
103 4
107 4
108 4
111 4
112 4
114 4
115 4
116 4
117 4
118 4
119 4
121 4
128 4
129 4
130 4
131 4
136 4
137 4
138 4
140 4
141 4
142 4
143 4
144 4
145 4
146 4
148 4
150 4
154 4
156 4
fl=./elf/./dl-find_object.h
fn=_dl_find_object_from_map
95 16
96 16
97 8
103 40
104 232
105 160
107 24
112 8
fl=./elf/./dl-hwcaps.h
fn=_dl_important_hwcaps
43 9
45 7
46 1
77 8
78 8
79 7
fl=./elf/./dl-load.h
fn=_dl_map_object_from_fd
91 48
92 20
93 25
94 20
96 20
fl=./elf/./dl-main.h
fn=dl_main
109 5
fl=./elf/./dl-map-segments.h
fn=_dl_map_object_from_fd
28 18
29 54
81 6
101 6
102 18
105 18
106 12
108 12
125 6
135 144
137 72
139 180
149 96
155 12
156 6
157 18
158 12
160 12
165 12
168 18
176 42
182 12
186 24
189 6
194 24
fl=./elf/./dl-sym-post.h
fn=_dl_sym
24 1578
25 1052
26 968
41 968
46 64
53 1936
fn=_dl_vsym
24 3
25 2
26 2
41 2
53 4
fn=lookup_malloc_symbol
41 8
53 12
fl=./elf/./dl-tunable-types.h
fn=__GI___tunable_set_val
84 5
fl=./elf/./elf/dl-audit.c
fn=_dl_audit_activity_map
29 7
30 1
31 3
37 6
fn=_dl_audit_activity_nsid
41 1
45 4
46 1
47 5
fn=_dl_audit_objopen
77 6
78 24
fl=./elf/./elf/dl-cache.c
fn=_dl_cache_libcmp
357 92
358 618
360 831
362 295
368 36
369 27
370 267
372 267
374 18
380 536
381 1
382 534
383 108
386 231
387 231
390 73
391 1
fn=_dl_load_cache_lookup
191 74
205 5
208 40
210 50
211 10
213 25
220 89
222 235
223 74
227 111
231 111
232 74
240 28
242 18
245 18
247 54
249 9
259 10
269 15
270 20
286 35
295 10
298 10
301 5
302 15
330 10
346 32
347 14
349 18
403 50
405 10
408 15
411 5
419 5
420 8
423 6
424 1
431 1
432 2
477 12
482 15
485 15
500 10
512 15
513 75
514 20
515 5
516 40
fn=_dl_unload_cache
525 3
526 4
528 2
529 1
533 1
535 2
fl=./elf/./elf/dl-call-libc-early-init.c
fn=_dl_call_libc_early_init
27 7
29 2
33 5
37 2
39 4
40 2
41 3
fl=./elf/./elf/dl-catch.c
fn=_dl_catch_error
254 6336
256 1056
257 1056
258 1056
259 1056
261 3168
fn=_dl_catch_exception
58 1629
59 32
62 1054
69 1086
70 607
73 2066
204 4344
207 1086
214 501
228 543
229 1086
235 3384
237 1629
239 2004
247 84
248 1629
fn=_dl_receive_error
58 2
59 1
69 2
70 2
186 7
188 1
192 1
194 1
197 1
198 4
fn=_dl_signal_cexception
146 336
147 84
153 126
161 126
fn=_dl_signal_exception
58 84
59 42
62 42
96 126
98 84
100 210
101 84
104 126
fl=./elf/./elf/dl-debug.c
fn=_dl_debug_initialize
56 3
57 1
59 2
61 2
63 3
64 1
85 3
90 3
91 2
92 1
95 3
96 6
99 2
107 2
fn=_dl_debug_state
116 2
117 2
fn=_dl_debug_update
38 7
40 14
41 7
44 14
48 7
fl=./elf/./elf/dl-deps.c
fn=_dl_map_object_deps
128 3
129 5
130 6
132 3
136 8
143 13
144 20
160 9
161 1
164 1
182 1
183 6
184 1
188 17
190 32
193 8
197 24
198 53
201 24
205 12
208 24
210 24
215 6
216 6
217 12
218 12
219 6
221 786
222 372
228 140
230 15
232 60
233 30
242 15
244 30
249 42
252 6
253 6
254 6
255 12
256 6
257 6
259 24
263 45
264 30
266 513
417 16
419 30
422 12
423 24
429 6
430 30
431 30
434 6
435 12
439 24
441 8
442 37
448 5
449 1
452 4
463 5
465 4
470 5
471 1
472 2
474 28
478 8
483 16
485 24
490 8
494 2
495 3
532 2
533 2
547 9
552 9
553 5
557 1
559 2
560 1
561 3
568 3
571 2
574 8
fn=openaux
61 90
64 165
65 15
68 15
69 45
fl=./elf/./elf/dl-environ.c
fn=_dl_next_ld_env_entry
28 2
29 2
32 151
34 98
35 20
37 1
40 2
42 1
45 48
fl=./elf/./elf/dl-exception.c
fn=_dl_error_free
39 42
40 126
fn=_dl_exception_create_format
72 42
73 84
78 168
107 630
108 126
110 168
113 42
116 210
117 3780
118 1764
120 882
121 1008
124 1260
148 1512
152 84
158 84
163 84
171 84
174 210
176 3738
177 1764
179 126
180 378
184 1008
185 378
186 504
188 504
190 126
230 1512
232 756
233 1512
236 84
238 42
239 42
240 210
242 210
245 336
fl=./elf/./elf/dl-find_object.c
fn=_dl_find_object_init
561 5
564 1
566 2
567 3
579 2
580 3
582 2
585 2
590 1
591 1
594 3
596 2
599 6
601 1
604 4
fn=_dlfo_process_initial
474 8
475 2
477 2
478 4
504 24
505 38
506 16
508 60
511 56
513 42
515 14
516 14
517 28
529 2
531 8
fn=_dlfo_sort_mappings
536 1
537 2
540 28
544 12
545 93
546 105
548 6
549 6
553 24
554 30
555 12
557 1
fl=./elf/./elf/dl-hwcaps.c
fn=_dl_important_hwcaps
52 16
54 2
55 4
56 2
57 2
77 16
80 16
84 2
86 6
87 2
88 2
100 5
102 3
105 1
108 1
112 5
125 12
127 10
128 4
129 4
130 2
133 3
142 13
143 11
145 8
151 5
155 4
156 3
157 3
161 1
162 2
163 2
172 14
174 2
175 3
185 2
186 3
189 3
193 2
194 2
201 1
202 5
208 2
209 1
213 3
216 9
fl=./elf/./elf/dl-hwcaps_split.c
fn=_dl_hwcaps_split
25 5
26 3
27 1
47 4
fn=_dl_hwcaps_split_masked
26 44
30 24
34 78
35 12
36 24
41 36
42 18
43 12
45 6
51 110
55 5
56 18
57 27
58 24
60 6
62 88
67 12
fl=./elf/./elf/dl-init.c
fn=_dl_init
29 2
35 5
37 9
81 13
82 1
83 1
86 3
89 2
94 4
95 4
100 2
104 2
105 5
106 4
fn=call_init.part.0
26 12
43 3
46 3
51 2
59 3
60 6
63 1
64 2
70 3
72 2
73 9
74 4
76 8
fl=./elf/./elf/dl-load.c
fn=_dl_dst_count
238 135
241 30
244 30
245 15
264 135
fn=_dl_init_paths
706 13
720 4
725 1
727 3
734 3
735 2
739 4
741 4
747 1
748 1
756 8
758 8
759 4
761 5
762 7
763 4
766 13
767 10
768 18
770 32
776 1
777 1
782 1
785 3
787 4
789 3
806 1
808 3
822 2
825 3
856 1
857 8
fn=_dl_map_object
682 50
696 25
1967 192
1969 6
1975 32
1976 64
1979 380
1984 546
1986 390
1990 136
1991 204
1994 205
1995 123
1996 205
2010 24
2011 18
2019 18
2034 6
2036 30
2040 20
2042 10
2049 20
2053 5
2054 5
2058 15
2059 5
2073 25
2074 35
2075 5
2084 10
2099 10
2106 10
2107 5
2115 5
2129 10
2131 15
2135 15
2137 10
2141 10
2149 10
2172 45
2176 15
2177 5
2194 10
2200 1
2201 4
2202 2
2203 2
2207 9
2210 3
2222 24
2267 12
2268 106
2270 150
fn=_dl_map_object_from_fd
944 84
959 24
989 123
990 54
1008 12
1036 24
1046 12
1053 48
1054 12
1065 12
1066 18
1067 12
1069 18
1070 24
1071 10
1074 17
1075 6
1086 6
1088 6
1090 132
1091 6
1092 6
1093 6
1094 6
1100 249
1101 603
1107 12
1114 15
1115 18
1116 60
1121 2
1122 1
1127 186
1135 120
1136 156
1137 120
1138 24
1139 48
1141 168
1143 48
1156 48
1157 90
1162 24
1163 246
1176 9
1180 12
1181 3
1185 15
1186 6
1189 3
1194 12
1209 12
1210 6
1213 18
1218 42
1228 114
1229 48
1235 12
1245 24
1252 42
1264 6
1268 24
1269 18
1275 16
1276 12
1278 12
1288 18
1307 18
1309 36
1361 18
1362 6
1368 202
1369 331
1375 95
1380 24
1393 12
1395 24
1397 12
1413 12
1417 12
1418 12
1435 12
1436 1
1439 12
1444 12
1449 12
1461 48
1462 18
1463 45
1464 15
1465 5
1471 12
1472 12
1477 6
1484 18
1487 12
1491 18
1492 18
1510 12
1514 42
1515 24
1519 54
fn=_dl_process_pt_gnu_property
868 21
869 14
870 7
876 14
882 35
885 21
886 14
887 14
890 21
891 21
895 7
896 14
900 20
901 10
904 20
907 10
908 40
918 18
920 24
fn=expand_dynamic_string_token
241 3
244 2
385 10
399 2
410 7
fn=open_verify.constprop.0
1572 72
1604 18
1623 30
1625 12
1633 6
1634 18
1639 36
1641 12
1643 12
1645 12
1651 12
1668 87
1749 12
1754 12
1760 24
1766 12
1772 24
1773 24
1777 16
1778 5
1799 54
fl=./elf/./elf/dl-lookup-direct.c
fn=_dl_lookup_direct
32 15
33 9
35 6
36 6
48 9
51 6
53 21
57 9
58 21
59 15
74 39
76 6
78 21
79 6
81 12
84 25
86 12
93 6
115 3
116 27
fl=./elf/./elf/dl-lookup.c
fn=_dl_lookup_symbol_x
772 31252
774 4808
775 9616
778 2404
782 8510
784 485
785 4808
787 7718
791 32036
792 40868
797 12020
799 216
800 84
803 168
804 126
806 42
809 336
810 294
813 168
816 2362
817 66
820 4808
821 14424
828 2596
856 9360
870 7020
871 2
873 4680
890 9360
892 21258
fn=check_match
70 36480
73 19456
78 1070
86 12125
89 9038
93 2425
94 4850
96 3704
115 3704
116 14816
117 9065
118 78
119 78
144 1146
146 3438
147 2292
150 1054
151 3101
153 1329
161 1897
162 19456
fn=do_lookup_x
170 300
171 307
172 940
174 98
175 294
176 530
179 152
180 152
181 82
182 152
183 70
222 492
224 738
226 164
227 82
228 328
230 2694
231 486
234 352
235 176
254 352
257 95
258 285
259 322
262 1377
269 12
272 4
279 298
280 276
281 350
285 20
286 2
287 2
288 4
289 8
300 3
302 2
305 1
306 1
307 2
310 164
311 492
318 328
329 574
331 164
333 246
334 164
347 33656
348 2404
353 2404
354 2404
358 22628
361 22628
365 26466
386 21658
390 21658
396 32487
400 10829
401 10829
404 54145
405 32487
408 10829
409 21658
411 10829
412 7212
413 21658
415 16828
416 43316
419 75803
422 5584
423 8376
424 5584
426 5386
429 36425
431 7296
432 63671
433 4864
436 7296
439 17234
461 15176
470 6811
472 886
476 4680
483 12712
487 4383
491 1
499 4516
500 2258
501 2340
518 26922
521 64
522 19232
fl=./elf/./elf/dl-minimal-malloc.c
fn=__minimal_calloc
80 95
84 19
87 19
88 57
fn=__minimal_free
97 2
99 8
fn=__minimal_malloc
36 352
37 132
42 3
43 2
44 2
48 175
51 296
56 12
57 12
59 3
60 24
62 6
64 12
65 9
67 8
70 45
71 48
73 264
fl=./elf/./elf/dl-minimal.c
fn=__rtld_malloc_init_real
76 10
86 2
87 1
89 1
91 6
92 5
93 5
94 4
99 1
100 1
101 1
102 1
103 8
fn=__rtld_malloc_init_stubs
42 1
43 2
44 2
45 2
46 2
47 1
fn=lookup_malloc_symbol
61 36
63 4
64 28
68 28
69 28
71 4
72 24
fl=./elf/./elf/dl-misc.c
fn=_dl_higher_prime_number
87 2
124 2
125 2
127 26
129 80
130 30
131 6
133 7
145 2
146 2
fn=_dl_name_match_p
68 1169
69 668
70 24
72 167
74 660
75 935
80 163
82 143
83 668
fn=_dl_sysdep_read_whole_file
36 11
39 3
40 2
42 6
44 2
47 2
49 8
60 3
63 8
fl=./elf/./elf/dl-object.c
fn=_dl_add_to_namespace_list
31 63
33 21
35 62
38 108
40 6
42 6
45 2
46 21
47 14
48 14
50 14
51 35
fn=_dl_new_object
59 105
62 14
64 2
66 3
67 2
71 6
77 2
80 12
83 31
87 12
92 6
95 14
98 7
99 7
100 14
103 14
104 49
106 7
119 33
123 6
125 1
127 49
130 14
131 14
132 7
136 7
139 42
141 20
149 14
150 7
153 1
155 42
157 24
160 16
164 24
168 42
176 1
179 14
189 28
191 24
195 18
199 12
200 12
208 6
212 6
245 24
250 200
251 200
255 12
256 6
259 6
263 63
fl=./elf/./elf/dl-open.c
fn=_dl_find_dso_for_object
214 5270
218 1581
219 1581
220 2108
221 1054
224 1054
228 3689
fl=./elf/./elf/dl-reloc.c
fn=_dl_relocate_object
170 14300
171 6980
174 23777
175 19444
177 1621
178 6482
182 3738
183 1869
184 1869
186 14958
187 9315
188 3726
190 13194
193 1869
194 13083
196 1621
207 99
208 18
220 16
221 24
224 32
226 24
228 8
229 24
251 40
252 16
253 3
255 16
262 24
301 11822
304 40
328 8
331 16
348 24
350 72
356 48
359 16
363 16
364 48
fl=./elf/./elf/dl-runtime.c
fn=_dl_fixup
46 44
48 20
49 12
54 4
55 16
56 28
58 8
63 8
67 8
69 4
71 12
75 12
76 16
77 12
84 4
85 12
95 44
99 20
109 40
124 16
133 12
159 12
163 32
fl=./elf/./elf/dl-setup_hash.c
fn=_dl_setup_hash
25 16
28 24
31 24
32 16
33 8
34 8
36 24
37 8
38 24
40 8
41 16
43 8
45 24
50 8
fl=./elf/./elf/dl-sort-maps.c
fn=_dl_sort_maps
140 37
181 1
182 2
183 29
184 16
211 17
216 2
218 1
219 5
221 25
223 8
226 23
244 4
263 4
276 4
283 1
298 13
306 3
310 9
fn=_dl_sort_maps_init
289 4
290 4
291 1
292 3
293 2
fn=dfs_traversal.part.0
135 72
140 32
143 8
145 24
147 89
156 16
171 24
172 8
173 51
fl=./elf/./elf/dl-sym.c
fn=_dl_sym
51 968
88 526
95 1052
104 84
105 168
129 968
133 1452
136 968
137 968
143 1936
146 7512
157 1452
162 1452
168 2904
170 484
173 484
194 6838
196 4840
fn=_dl_vsym
51 2
88 1
95 2
129 2
133 3
136 2
137 2
143 4
146 15
157 3
162 3
168 6
170 1
173 1
179 13
183 1
184 1
185 1
187 1
190 10
fl=./elf/./elf/dl-tunables.c
fn=__GI___tunable_set_val
72 50
82 5
93 40
94 25
97 10
100 35
104 10
111 10
112 10
115 25
116 5
117 5
118 5
153 30
157 15
fn=__GI___tunables_init
42 250
45 49
48 3570
52 98
56 196
128 1
261 10
267 4
281 8036
283 2
287 14553
304 8
fn=__tunable_get_val
387 56
390 330
399 37
400 12
409 22
416 168
418 28
fl=./elf/./elf/dl-tunables.h
fn=__GI___tunable_set_val
141 10
142 10
151 5
fn=__GI___tunables_init
160 884
161 2239
fl=./elf/./elf/dl-version.c
fn=_dl_check_all_versions
392 7
394 1
396 29
397 8
398 72
401 7
fn=_dl_check_map_versions
36 262
37 75
38 459
56 280
64 210
70 210
86 70
87 140
89 70
94 2666
108 2316
110 70
113 560
120 3264
124 1088
155 80
156 8
164 14
170 24
172 40
174 8
175 8
177 16
180 18
184 48
198 8
200 42
208 42
213 42
215 56
217 280
218 530
221 140
224 210
225 10
228 32
231 280
234 210
239 56
243 42
248 8
257 35
260 12
263 574
266 429
270 133
274 21
279 7
280 28
281 21
291 7
294 37
296 14
299 24
301 8
303 42
306 210
308 280
310 350
311 140
312 210
313 210
316 210
321 56
324 42
329 8
334 14
337 12
341 133
343 278
347 133
348 665
349 399
350 133
353 417
357 133
365 12
366 12
367 12
368 6
370 4
372 124
373 60
375 2
376 7
387 72
fl=./elf/./elf/do-rel.h
fn=_dl_relocate_object
49 48
50 48
51 8
53 80
72 10
73 11
80 48
83 3687
85 4884
96 18
97 6
114 39
123 9570
124 6360
126 39
129 44
131 14337
133 17845
134 14276
135 10707
136 14276
138 10707
141 272
142 68
143 68
147 3501
150 10530
151 234
164 28
165 285
166 252
169 204
171 272
172 68
173 136
180 31
182 42
183 12
185 18
193 6
196 18
211 7
fn=_dl_start
49 6
50 4
51 1
53 10
56 4
61 13
63 9
64 6
65 3
fl=./elf/./elf/get-dynamic-info.h
fn=_dl_map_object_from_fd
39 12
43 6
45 706
49 344
51 94
52 47
53 9
54 158
55 134
56 30
59 24
62 24
64 24
68 172
72 24
84 21
85 24
86 24
87 24
88 21
89 23
90 23
91 24
103 48
110 19
115 10
122 10
123 18
129 18
130 9
147 18
152 6
154 6
156 6
158 6
159 6
162 18
164 12
165 8
174 8
175 12
180 8
181 9
184 12
fl=./elf/./elf/libc_early_init.c
fn=__libc_early_init
33 9
35 1
38 2
41 2
47 4
49 2
fl=./elf/./elf/rtld.c
fn=_dl_start
85 8
458 2
476 3
477 1
478 2
488 1
494 4
496 2
517 16
543 1
546 2
547 4
563 190
565 1
578 1
585 9
fn=dl_main
85 17
92 12
93 2
101 9
197 2
199 1
224 3
225 5
226 4
296 3
302 1
303 1
837 1
839 1
848 1
850 1
855 1
1115 1
1116 1
1118 1
1122 3
1124 1
1125 1
1140 1
1143 50
1144 127
1148 4
1153 3
1154 9
1163 2
1164 2
1166 1
1173 3
1191 2
1199 8
1200 17
1201 8
1202 1
1204 12
1205 14
1209 8
1210 8
1211 4
1215 12
1221 3
1227 4
1228 1
1233 4
1234 2
1235 1
1238 2
1243 2
1247 3
1253 30
1254 66
1260 18
1266 4
1268 3
1269 3
1271 3
1346 13
1351 1
1352 1
1357 1
1373 3
1374 4
1637 10
1639 2
1640 3
1641 2
1642 3
1646 2
1647 2
1672 3
1673 5
1674 3
1675 3
1678 1
1680 1
1681 1
1683 2
1684 2
1688 2
1690 2
1698 4
1705 2
1708 2
1733 4
1735 1
1740 2
1743 4
1744 4
1745 3
1746 1
1747 1
1748 1
1759 2
1760 2
1762 2
1764 1
1765 3
1770 5
1771 5
1773 3
1779 2
1788 2
1792 1
1793 2
1817 2
1823 1
1824 1
1825 1
1829 3
1834 3
1836 1
1838 2
1842 5
1847 2
1863 6
1939 4
1943 19
1944 1
1947 3
1948 1
1949 2
1950 2
1955 3
1965 9
1971 35
1972 20
1975 3
1976 2
1977 1
1979 30
1980 14
1984 2
1990 1
1992 3
1993 2
1995 2
1997 3
1999 3
2000 1
2001 2
2013 2
2014 2
2015 3
2026 5
2027 4
2028 5
2038 2
2039 2
2040 4
2042 2
2047 3
2246 3
2250 3
2256 2
2259 2
2267 2
2279 3
2282 3
2284 3
2285 6
2292 2
2293 33
2295 16
2300 16
2302 18
2304 1
2305 1
2308 8
2310 16
2311 56
2315 24
2316 12
2325 2
2329 4
2331 1
2338 4
2341 2
2345 3
2347 2
2357 1
2362 3
2365 1
2371 1
2372 5
2380 3
2387 1
2390 3
2394 3
2395 1
2396 1
2397 1
2401 1
2406 8
2538 1
2598 1
2600 2
2602 10
2604 1
2606 41
2607 7
2615 7
2640 2
2650 4
2652 2
2653 1
2727 5
2749 3
fn=handle_preload_list
183 3
806 1
810 2
811 2
812 1
814 1
816 6
817 3
825 3
869 13
870 3
874 5
877 4
878 3
880 4
881 2
887 1
889 2
891 2
892 1
895 9
fn=init_tls
734 4
736 2
740 3
746 2
749 1
750 1
751 1
755 1
757 1
761 2
762 2
763 20
764 8
765 16
769 12
771 4
773 3
776 2
779 1
786 2
787 2
793 2
797 1
800 5
fn=map_doit
641 6
643 4
644 6
646 3
fn=version_check_doit
674 6
676 6
680 3
fl=./elf/./get-dynamic-info.h
fn=_dl_start
45 75
49 36
51 10
52 5
54 20
55 16
56 5
59 4
62 4
64 4
68 18
72 3
84 4
85 3
86 4
87 4
88 5
89 3
90 4
91 4
103 10
110 3
123 3
129 3
130 3
133 2
134 3
139 5
142 5
fn=dl_main
39 4
43 1
45 127
49 62
51 12
52 6
54 25
55 21
56 5
59 4
62 4
64 4
68 31
72 7
84 3
85 5
86 5
87 5
88 4
89 5
90 5
91 5
103 9
110 3
115 2
122 3
123 4
129 3
147 4
162 4
164 3
165 2
174 2
175 3
180 2
184 3
fl=./elf/./setup-vdso.h
fn=dl_main
24 2
fl=./io/../sysdeps/unix/sysv/linux/access.c
fn=access
25 1
27 7
31 1
fl=./io/../sysdeps/unix/sysv/linux/close_nocancel.c
fn=__GI___close_nocancel
25 7
26 28
27 7
fl=./io/../sysdeps/unix/sysv/linux/fstat64.c
fn=fstat
30 7
39 28
72 7
fl=./io/../sysdeps/unix/sysv/linux/open64_nocancel.c
fn=__open_nocancel
28 28
31 49
39 49
41 14
fl=./io/../sysdeps/unix/sysv/linux/pread64_nocancel.c
fn=__pread64_nocancel
25 4
26 8
27 2
fl=./io/../sysdeps/unix/sysv/linux/read_nocancel.c
fn=__read_nocancel
25 6
26 24
27 6
fl=./malloc/./malloc/scratch_buffer_set_array_size.c
fn=__libc_scratch_buffer_set_array_size
30 78
34 6
35 12
45 12
46 6
63 36
fl=./math/../sysdeps/x86_64/fpu/multiarch/e_asin.c
fn=__acos_finite@GLIBC_2.15
35 1
fn=__asin_finite@GLIBC_2.15
27 2
fl=./math/../sysdeps/x86_64/fpu/multiarch/e_atan2.c
fn=__atan2_finite@GLIBC_2.15
26 2
fl=./math/../sysdeps/x86_64/fpu/multiarch/e_exp.c
fn=__exp_finite@GLIBC_2.15
27 2
fl=./math/../sysdeps/x86_64/fpu/multiarch/e_exp2f.c
fn=exp2f@@GLIBC_2.27
27 2
fl=./math/../sysdeps/x86_64/fpu/multiarch/e_expf.c
fn=expf@@GLIBC_2.27
27 2
fl=./math/../sysdeps/x86_64/fpu/multiarch/e_log.c
fn=__log_finite@GLIBC_2.15
27 2
fl=./math/../sysdeps/x86_64/fpu/multiarch/e_log2.c
fn=log2@@GLIBC_2.29
27 2
fl=./math/../sysdeps/x86_64/fpu/multiarch/e_log2f.c
fn=log2f@@GLIBC_2.27
27 2
fl=./math/../sysdeps/x86_64/fpu/multiarch/e_logf.c
fn=logf@@GLIBC_2.27
27 2
fl=./math/../sysdeps/x86_64/fpu/multiarch/e_pow.c
fn=__pow_finite@GLIBC_2.15
27 2
fl=./math/../sysdeps/x86_64/fpu/multiarch/e_powf.c
fn=powf@@GLIBC_2.27
30 1
fl=./math/../sysdeps/x86_64/fpu/multiarch/ifunc-avx-fma4.h
fn=__atan2_finite@GLIBC_2.15
32 5
33 2
fn=__exp_finite@GLIBC_2.15
32 5
33 2
fn=__log_finite@GLIBC_2.15
32 5
33 2
fn=cos
32 5
33 2
fn=sin
32 5
33 2
fl=./math/../sysdeps/x86_64/fpu/multiarch/ifunc-fma.h
fn=__log1p
29 4
30 3
fn=cosf
29 4
30 3
fn=exp2f@@GLIBC_2.27
29 4
30 3
fn=expf@@GLIBC_2.27
29 4
30 3
fn=expm1
29 4
30 3
fn=log2@@GLIBC_2.29
29 4
30 3
fn=log2f@@GLIBC_2.27
29 4
30 3
fn=logf@@GLIBC_2.27
29 4
30 3
fn=powf@@GLIBC_2.27
29 4
30 4
fn=sincosf
29 8
30 6
fn=sinf
29 4
30 3
fl=./math/../sysdeps/x86_64/fpu/multiarch/ifunc-fma4.h
fn=__acos_finite@GLIBC_2.15
31 4
32 2
35 1
fn=__asin_finite@GLIBC_2.15
31 4
32 2
fn=__pow_finite@GLIBC_2.15
31 4
32 2
fn=sincos
31 8
32 4
fl=./math/../sysdeps/x86_64/fpu/multiarch/s_cosf.c
fn=cosf
26 2
fl=./math/../sysdeps/x86_64/fpu/multiarch/s_expm1.c
fn=expm1
26 2
fl=./math/../sysdeps/x86_64/fpu/multiarch/s_fma.c
fn=fma
49 6
fl=./math/../sysdeps/x86_64/fpu/multiarch/s_log1p.c
fn=__log1p
26 2
fl=./math/../sysdeps/x86_64/fpu/multiarch/s_sin.c
fn=cos
34 2
fn=sin
27 2
fl=./math/../sysdeps/x86_64/fpu/multiarch/s_sincos.c
fn=sincos
26 4
fl=./math/../sysdeps/x86_64/fpu/multiarch/s_sincosf.c
fn=sincosf
26 4
fl=./math/../sysdeps/x86_64/fpu/multiarch/s_sinf.c
fn=sinf
26 2
fl=./misc/../sysdeps/unix/syscall-template.S
fn=mprotect
117 40
122 8
fn=munmap
117 5
122 1
fl=./misc/../sysdeps/unix/sysv/linux/mmap64.c
fn=mmap
47 217
50 62
53 124
58 186
60 124
fl=./misc/../sysdeps/unix/sysv/linux/setvmaname.c
fn=__set_vma_name
33 12
35 11
40 7
47 1
49 6
fl=./nptl/../sysdeps/unix/sysv/linux/x86/elision-conf.c
fn=__lll_elision_init
92 8
96 5
98 4
100 4
102 4
104 4
107 3
108 1
109 6
fl=./nptl/./nptl/pthread_mutex_conf.c
fn=__pthread_tunables_init
55 8
56 5
58 4
60 4
62 6
fl=./nptl/./nptl/pthread_mutex_lock.c
fn=pthread_mutex_lock@@GLIBC_2.2.5
44 527
45 3689
46 527
77 2635
80 1581
82 527
84 1054
88 1054
97 1054
108 2108
112 527
115 1054
124 527
130 1581
131 1054
179 527
182 527
184 527
187 527
190 1581
fl=./nptl/./nptl/pthread_mutex_unlock.c
fn=pthread_mutex_unlock@@GLIBC_2.2.5
39 527
40 2108
41 527
51 1581
52 1054
57 1054
62 527
65 527
70 527
72 527
74 1054
80 2108
84 1581
87 1054
367 2108
369 1054
fl=./resource/../sysdeps/unix/sysv/linux/getrlimit64.c
fn=getrlimit
38 4
39 14
40 2
fl=./resource/../sysdeps/unix/sysv/linux/setrlimit64.c
fn=setrlimit
39 2
40 7
41 1
fl=./setjmp/../sysdeps/x86_64/__longjmp.S
fn=__longjmp
38 42
40 42
41 42
42 42
44 84
45 84
46 84
65 42
69 42
71 42
73 42
74 42
75 42
125 42
136 42
137 42
138 42
139 42
140 42
142 42
143 42
144 42
145 42
147 42
fl=./setjmp/../sysdeps/x86_64/setjmp.S
fn=__sigsetjmp
31 543
33 543
42 543
43 1086
44 543
48 543
49 543
50 543
51 543
52 543
54 1086
56 543
57 543
58 543
60 1086
62 543
70 543
73 543
74 543
81 543
82 543
fl=./string/../include/rtld-malloc.h
fn=strdup
56 12
fl=./string/../string/strcspn.c
fn=strcspn
32 6
33 3
34 2
39 6
40 4
41 4
42 4
44 1
47 9
48 6
51 4
52 4
53 4
54 4
56 3
61 13
62 26
63 26
64 26
65 13
67 78
69 1
70 4
71 3
fl=./string/../sysdeps/x86/cacheinfo.c
fn=__x86_cacheinfo
86 1
fl=./string/../sysdeps/x86/cacheinfo.h
fn=__x86_cacheinfo
59 1
62 3
64 3
65 1
71 3
73 3
74 1
78 2
80 2
81 2
82 2
84 2
86 2
fl=./string/../sysdeps/x86_64/multiarch/../multiarch/memcmp-sse2.S
fn=bcmp
59 1
71 1
72 1
94 1
95 1
140 1
141 1
143 1
144 1
146 1
147 1
149 1
150 1
197 1
198 1
199 1
200 1
201 1
202 1
fl=./string/../sysdeps/x86_64/multiarch/../multiarch/memset-vec-unaligned-erms.S
fn=memset
132 14
133 70
138 14
139 14
142 7
143 7
145 1
146 1
147 1
244 6
245 6
257 6
260 6
261 6
273 6
274 6
287 6
288 6
290 6
293 4
296 8
299 153
300 153
301 153
302 153
303 153
304 153
305 153
308 6
309 6
310 6
311 6
316 6
350 7
352 7
353 7
392 7
393 7
395 7
fl=./string/../sysdeps/x86_64/multiarch/../multiarch/strchr-sse2.S
fn=index
32 31
33 31
34 31
35 31
36 31
37 31
38 31
39 31
40 31
41 31
42 31
43 31
44 31
45 31
46 31
47 31
48 31
49 31
50 26
54 26
55 26
56 26
57 26
59 26
63 5
64 5
65 5
66 5
67 5
68 5
69 5
70 5
71 5
72 5
73 5
74 5
75 5
76 5
77 5
78 5
79 5
80 5
81 5
82 5
83 5
84 5
85 5
86 5
138 5
142 5
143 5
144 5
145 5
147 5
fl=./string/../sysdeps/x86_64/multiarch/../multiarch/strcmp-sse2.S
fn=strcmp
98 2995
131 2995
132 2995
134 2995
135 2995
156 2995
157 2995
158 2678
159 2678
160 2436
161 2436
162 2436
163 2436
180 2436
181 2436
182 2436
183 2436
184 2436
185 2436
186 2436
191 71
192 213
201 630
202 630
203 630
204 630
205 630
206 630
207 630
208 630
209 537
210 270
211 270
212 270
214 537
215 537
216 537
217 537
218 537
219 537
229 93
230 93
231 93
233 93
239 93
240 93
241 93
242 93
243 93
248 93
250 83
251 83
252 166
260 84
261 84
264 84
265 84
266 84
267 84
268 84
269 84
275 1
276 1
277 1
280 1
281 1
282 1
283 1
284 1
285 1
290 1
291 1
300 2
301 2
302 2
303 2
304 2
306 2
307 2
308 2
309 2
310 2
311 2
312 2
313 2
316 2
317 2
318 2
324 2
325 2
326 4
330 2
331 2
334 2
335 2
336 2
338 2
339 2
340 2
344 2
345 2
346 2
347 2
348 2
349 2
424 5
425 5
426 5
427 5
428 5
430 5
431 5
432 5
433 5
434 5
435 5
436 5
437 3
440 3
441 3
442 3
448 3
449 3
450 6
454 3
455 3
458 3
459 3
460 3
462 3
463 3
464 3
468 3
469 3
470 3
471 3
472 3
473 3
542 10
543 10
544 10
545 10
546 10
548 10
549 10
550 10
551 10
552 10
553 10
554 10
555 10
559 10
560 10
561 10
567 10
568 10
569 20
573 10
574 10
577 10
578 10
579 10
581 10
582 10
583 10
587 10
588 10
589 10
590 10
591 10
592 10
661 18
662 18
663 18
664 18
665 18
667 18
668 18
669 18
670 18
671 18
672 18
673 18
674 17
678 17
679 17
680 17
686 17
687 17
688 34
692 17
693 17
696 16
697 16
698 16
700 16
701 16
702 16
706 16
707 16
708 16
709 16
710 16
711 16
718 2
719 2
721 2
722 2
724 2
725 2
726 2
728 2
729 2
730 2
734 2
735 2
736 2
737 2
738 2
739 2
752 1
753 1
754 1
755 1
768 1
769 1
770 1
771 1
780 13
781 13
782 13
783 13
784 13
786 13
787 13
788 13
789 13
790 13
791 13
792 13
793 11
797 11
798 11
799 11
805 11
806 11
807 22
811 11
812 11
815 11
816 11
817 11
819 11
820 11
821 11
825 11
826 11
827 11
828 11
829 11
830 11
837 4
838 4
840 4
841 4
843 4
844 4
845 4
847 4
848 4
849 4
853 4
854 4
855 4
856 4
857 4
858 4
899 16
900 16
901 16
902 16
903 16
905 16
906 16
907 16
908 16
909 16
910 16
911 16
912 15
916 15
917 15
918 15
924 15
925 15
926 30
930 15
931 15
934 15
935 15
936 15
938 15
939 15
940 15
944 15
945 15
946 15
947 15
948 15
949 15
956 1
957 1
959 1
960 1
962 1
963 1
964 1
966 1
967 1
968 1
972 1
973 1
974 1
975 1
976 1
977 1
1018 36
1019 36
1020 36
1021 36
1022 36
1024 36
1025 36
1026 36
1027 36
1028 36
1029 36
1030 36
1031 34
1035 34
1036 34
1037 34
1043 34
1044 34
1045 68
1049 34
1050 34
1053 34
1054 34
1055 34
1057 34
1058 34
1059 34
1063 34
1064 34
1065 34
1066 34
1067 34
1068 34
1137 40
1138 40
1139 40
1140 40
1141 40
1143 40
1144 40
1145 40
1146 40
1147 40
1148 40
1149 40
1150 20
1154 20
1155 20
1156 20
1162 20
1163 20
1164 40
1168 21
1169 21
1172 21
1173 21
1174 21
1176 21
1177 21
1178 21
1182 21
1183 21
1184 21
1185 21
1186 21
1187 21
1194 4
1195 4
1197 4
1198 4
1200 4
1201 4
1202 4
1204 4
1205 4
1206 4
1210 4
1211 4
1212 4
1213 4
1214 4
1215 4
1222 1
1223 1
1224 1
1256 36
1257 36
1258 36
1259 36
1260 36
1262 36
1263 36
1264 36
1265 36
1266 36
1267 36
1268 36
1269 26
1273 26
1274 26
1275 26
1281 26
1282 26
1283 52
1287 26
1288 26
1291 26
1292 26
1293 26
1295 26
1296 26
1297 26
1301 26
1302 26
1303 26
1304 26
1305 26
1306 26
1313 2
1314 2
1316 2
1317 2
1319 1
1320 1
1321 1
1323 1
1324 1
1325 1
1329 1
1330 1
1331 1
1332 1
1333 1
1334 1
1347 1
1348 1
1349 1
1350 1
1363 1
1364 1
1365 1
1366 1
1375 63
1376 63
1377 63
1378 63
1379 63
1381 63
1382 63
1383 63
1384 63
1385 63
1386 63
1387 63
1388 41
1392 41
1393 41
1394 41
1400 41
1401 41
1402 82
1406 41
1407 41
1410 41
1411 41
1412 41
1414 41
1415 41
1416 41
1420 41
1421 41
1422 41
1423 41
1424 41
1425 41
1432 7
1433 7
1435 7
1436 7
1438 7
1439 7
1440 7
1442 7
1443 7
1444 7
1448 7
1449 7
1450 7
1451 7
1452 7
1453 7
1466 1
1467 1
1468 1
1469 1
1476 1
1477 1
1478 1
1494 47
1495 47
1496 47
1497 47
1498 47
1500 47
1501 47
1502 47
1503 47
1504 47
1505 47
1506 47
1507 24
1511 24
1512 24
1513 24
1519 24
1520 24
1521 48
1525 24
1526 24
1529 24
1530 24
1531 24
1533 24
1534 24
1535 24
1539 24
1540 24
1541 24
1542 24
1543 24
1544 24
1551 4
1552 4
1554 4
1555 4
1557 4
1558 4
1559 4
1561 4
1562 4
1563 4
1567 4
1568 4
1569 4
1570 4
1571 4
1572 4
1613 56
1614 56
1615 56
1616 56
1617 56
1619 56
1620 56
1621 56
1622 56
1623 56
1624 56
1625 56
1626 24
1630 24
1631 24
1632 24
1638 24
1639 24
1640 48
1644 24
1645 24
1648 24
1649 24
1650 24
1652 24
1653 24
1654 24
1658 24
1659 24
1660 24
1661 24
1662 24
1663 24
1670 3
1671 3
1673 3
1674 3
1676 3
1677 3
1678 3
1680 3
1681 3
1682 3
1686 3
1687 3
1688 3
1689 3
1690 3
1691 3
1704 1
1705 1
1706 1
1707 1
1714 1
1715 1
1716 1
1732 67
1733 67
1734 67
1735 67
1736 67
1738 67
1739 67
1740 67
1741 67
1742 67
1743 67
1744 67
1745 48
1749 48
1750 48
1751 48
1757 48
1758 48
1759 96
1763 48
1764 48
1767 48
1768 48
1769 48
1771 48
1772 48
1773 48
1777 48
1778 48
1779 48
1780 48
1781 48
1782 48
1789 1
1790 1
1792 1
1793 1
1795 1
1796 1
1797 1
1799 1
1800 1
1801 1
1805 1
1806 1
1807 1
1808 1
1809 1
1810 1
1851 67
1852 67
1853 67
1854 67
1855 67
1857 67
1858 67
1859 67
1860 67
1861 67
1862 67
1863 67
1864 30
1868 30
1869 30
1870 30
1876 30
1877 30
1878 60
1882 30
1883 30
1886 30
1887 30
1888 30
1890 30
1891 30
1892 30
1896 30
1897 30
1898 30
1899 30
1900 30
1901 30
1908 1
1909 1
1911 1
1912 1
1914 1
1915 1
1916 1
1918 1
1919 1
1920 1
1924 1
1925 1
1926 1
1927 1
1928 1
1929 1
1970 61
1971 61
1972 61
1973 61
1974 61
1976 61
1977 61
1978 61
1979 61
1980 61
1981 61
1982 61
1984 23
1988 23
1989 23
1990 23
1996 23
1997 23
1999 46
2003 23
2004 23
2007 23
2008 23
2009 23
2011 23
2012 23
2013 23
2017 23
2018 23
2019 23
2020 23
2021 23
2022 23
2029 4
2030 4
2032 4
2033 4
2035 4
2036 4
2037 4
2039 4
2040 4
2041 4
2045 4
2046 4
2047 4
2048 4
2049 4
2050 4
2086 2
2087 2
2088 2
2089 4
2093 411
2095 630
2096 630
2097 630
2098 630
2099 540
2104 2995
2110 2995
2111 2995
2119 2995
2120 2995
fn=strncmp
98 1
125 1
126 1
127 1
128 1
129 1
131 1
132 1
134 1
135 1
156 1
157 1
158 1
159 1
160 1
161 1
162 1
163 1
180 1
181 1
182 1
183 1
184 1
185 1
186 1
2104 1
2107 1
2108 1
2110 1
2111 1
2119 1
2120 1
fl=./string/../sysdeps/x86_64/multiarch/../multiarch/strlen-sse2.S
fn=strlen
57 326
101 326
102 326
103 326
104 326
105 326
106 326
107 326
109 326
111 326
142 325
143 325
144 325
145 325
146 325
147 288
149 288
153 37
154 37
155 37
156 37
157 37
158 37
159 37
160 37
161 37
162 37
163 37
164 37
169 296
173 1
174 14
175 8
fl=./string/../sysdeps/x86_64/multiarch/ifunc-avx2.h
fn=memrchr
38 8
40 6
41 4
42 6
45 4
46 4
49 6
52 12
fn=rindex
38 8
40 6
41 4
42 6
45 4
46 4
49 6
52 12
fn=strchrnul
38 8
40 6
41 4
42 6
45 4
46 4
49 6
52 12
fn=strlen
38 8
40 6
41 4
42 6
45 4
46 4
49 6
52 12
fn=strnlen
38 12
40 9
41 6
42 9
45 6
46 6
49 9
52 18
fl=./string/../sysdeps/x86_64/multiarch/ifunc-evex.h
fn=memchr
37 8
38 6
39 6
42 4
43 4
45 4
51 6
54 8
fn=rawmemchr
37 4
38 3
39 3
42 2
43 2
45 2
51 3
54 4
fl=./string/../sysdeps/x86_64/multiarch/ifunc-memcmp.h
fn=bcmp
34 15
35 6
36 6
37 9
40 6
41 6
44 9
47 12
fl=./string/../sysdeps/x86_64/multiarch/ifunc-memmove.h
fn=memcpy@@GLIBC_2.14
56 4
57 6
60 6
61 4
74 4
77 4
85 4
93 4
96 10
fn=memmove
56 4
57 6
60 6
61 4
74 4
77 4
85 4
93 4
96 10
fn=mempcpy
56 2
57 3
60 3
61 2
74 2
77 2
85 2
93 2
96 5
fl=./string/../sysdeps/x86_64/multiarch/ifunc-memset.h
fn=memset
54 10
57 6
58 4
64 4
73 4
75 4
85 4
93 4
96 10
fl=./string/../sysdeps/x86_64/multiarch/ifunc-sse4_2.h
fn=strcspn
36 10
fn=strpbrk
36 10
fn=strspn
36 10
fl=./string/../sysdeps/x86_64/multiarch/ifunc-strcasecmp.h
fn=strcasecmp
36 8
37 4
38 6
41 4
42 4
45 6
48 10
fn=strcasecmp_l
36 4
37 2
38 3
41 2
42 2
45 3
48 5
fn=strncasecmp
36 8
37 4
38 6
41 4
42 4
45 6
48 10
fn=strncasecmp_l
36 4
37 2
38 3
41 2
42 2
45 3
48 5
fl=./string/../sysdeps/x86_64/multiarch/ifunc-strcpy.h
fn=stpcpy
38 4
39 3
42 2
43 2
46 3
49 3
fn=strcat
38 8
39 6
42 4
43 4
46 6
49 6
fn=strcpy
38 8
39 6
42 4
43 4
46 6
49 6
fl=./string/../sysdeps/x86_64/multiarch/ifunc-strncpy.h
fn=stpncpy
35 5
36 3
39 2
40 2
43 3
46 4
fn=strncat
35 5
36 3
39 2
40 2
43 3
46 4
fn=strncpy
35 10
36 6
39 4
40 4
43 6
46 8
fl=./string/../sysdeps/x86_64/multiarch/memchr.c
fn=memchr
29 4
fl=./string/../sysdeps/x86_64/multiarch/memcmp.c
fn=bcmp
29 12
fl=./string/../sysdeps/x86_64/multiarch/memcmpeq.c
fn=memcpy@@GLIBC_2.14
29 2
fl=./string/../sysdeps/x86_64/multiarch/memmove-vec-unaligned-erms.S
fn=memcpy
210 75
211 75
217 213
218 213
220 42
221 42
222 42
224 25
225 25
226 25
228 25
308 171
309 171
311 89
315 89
316 88
317 88
318 1
319 1
323 1
325 88
331 1
332 1
333 1
334 1
335 1
364 82
365 82
366 82
367 82
368 82
375 17
376 17
377 17
378 17
379 17
380 17
381 17
392 17
393 17
395 17
396 17
397 17
fn=mempcpy
197 138
198 138
199 138
200 138
fl=./string/../sysdeps/x86_64/multiarch/memmove.c
fn=memmove
29 2
fl=./string/../sysdeps/x86_64/multiarch/mempcpy.c
fn=mempcpy
33 1
fl=./string/../sysdeps/x86_64/multiarch/memrchr.c
fn=memrchr
29 6
fl=./string/../sysdeps/x86_64/multiarch/memset.c
fn=memset
29 2
fl=./string/../sysdeps/x86_64/multiarch/rawmemchr.c
fn=rawmemchr
31 2
fl=./string/../sysdeps/x86_64/multiarch/stpcpy.c
fn=stpcpy
33 3
fl=./string/../sysdeps/x86_64/multiarch/stpncpy.c
fn=stpncpy
31 3
fl=./string/../sysdeps/x86_64/multiarch/strcasecmp.c
fn=strcasecmp
31 6
fl=./string/../sysdeps/x86_64/multiarch/strcasecmp_l.c
fn=strcasecmp_l
31 3
fl=./string/../sysdeps/x86_64/multiarch/strcat.c
fn=strcat
29 6
fl=./string/../sysdeps/x86_64/multiarch/strchr.c
fn=index
42 12
43 6
44 9
47 6
48 6
51 9
54 9
65 9
fl=./string/../sysdeps/x86_64/multiarch/strchrnul.c
fn=strchrnul
31 6
fl=./string/../sysdeps/x86_64/multiarch/strcmp.c
fn=strcmp
47 8
48 4
49 6
52 4
53 4
56 6
59 6
79 6
fl=./string/../sysdeps/x86_64/multiarch/strcpy.c
fn=strcpy
29 6
fl=./string/../sysdeps/x86_64/multiarch/strcspn.c
fn=strcspn
29 4
fl=./string/../sysdeps/x86_64/multiarch/strlen.c
fn=strlen
29 6
fl=./string/../sysdeps/x86_64/multiarch/strncase.c
fn=strncasecmp
31 6
fl=./string/../sysdeps/x86_64/multiarch/strncase_l.c
fn=strncasecmp_l
31 3
fl=./string/../sysdeps/x86_64/multiarch/strncat.c
fn=strncat
29 3
fl=./string/../sysdeps/x86_64/multiarch/strncmp.c
fn=strncmp
43 8
44 4
45 6
48 4
49 4
52 6
55 10
67 6
fl=./string/../sysdeps/x86_64/multiarch/strncpy.c
fn=strncpy
29 6
fl=./string/../sysdeps/x86_64/multiarch/strnlen.c
fn=strnlen
31 9
fl=./string/../sysdeps/x86_64/multiarch/strpbrk.c
fn=strpbrk
29 4
fl=./string/../sysdeps/x86_64/multiarch/strrchr.c
fn=rindex
28 6
fl=./string/../sysdeps/x86_64/multiarch/strspn.c
fn=strspn
29 4
fl=./string/../sysdeps/x86_64/multiarch/strstr.c
fn=strstr
51 4
58 4
64 2
fl=./string/./string/strdup.c
fn=strdup
40 36
41 12
44 12
47 24
48 18
fl=./time/../sysdeps/unix/sysv/linux/dl-vdso.h
fn=time
40 2
41 2
fl=./time/../sysdeps/unix/sysv/linux/time.c
fn=time
38 3
fl=./wcsmbs/../sysdeps/x86_64/multiarch/ifunc-avx2.h
fn=wcschr
38 8
40 6
41 4
42 6
45 4
46 4
49 6
52 12
fn=wcscmp
38 4
40 3
41 2
42 3
45 2
46 2
49 3
52 6
fl=./wcsmbs/../sysdeps/x86_64/multiarch/ifunc-evex.h
fn=wmemchr
37 8
38 6
39 6
42 4
43 4
45 4
51 6
54 8
fl=./wcsmbs/../sysdeps/x86_64/multiarch/ifunc-memcmp.h
fn=wmemcmp
34 5
35 2
36 2
37 3
40 2
41 2
44 3
47 4
fl=./wcsmbs/../sysdeps/x86_64/multiarch/ifunc-wcs.h
fn=wcpncpy
39 4
40 3
41 3
44 2
45 3
48 4
fn=wcscat
39 8
40 6
41 6
44 4
45 6
48 8
fn=wcsncat
39 4
40 3
41 3
44 2
45 3
48 4
fn=wcsncpy
39 4
40 3
41 3
44 2
45 3
48 4
fl=./wcsmbs/../sysdeps/x86_64/multiarch/ifunc-wcslen.h
fn=wcslen
40 8
41 4
42 6
45 4
46 4
49 6
52 6
fn=wcsnlen
40 8
41 4
42 6
45 4
46 4
49 6
52 6
fl=./wcsmbs/../sysdeps/x86_64/multiarch/ifunc-wmemset.h
fn=wmemset
36 10
37 6
fl=./wcsmbs/../sysdeps/x86_64/multiarch/wcpcpy.c
fn=wcpncpy
31 1
fl=./wcsmbs/../sysdeps/x86_64/multiarch/wcpncpy.c
fn=wcpncpy
31 1
fl=./wcsmbs/../sysdeps/x86_64/multiarch/wcscat.c
fn=wcscat
31 4
fn=wcschr
31 2
fl=./wcsmbs/../sysdeps/x86_64/multiarch/wcschr.c
fn=wcschr
31 4
fl=./wcsmbs/../sysdeps/x86_64/multiarch/wcscmp.c
fn=wcscmp
30 3
fl=./wcsmbs/../sysdeps/x86_64/multiarch/wcscpy.c
fn=wcscpy
42 4
43 2
44 3
46 2
47 3
50 3
60 2
fl=./wcsmbs/../sysdeps/x86_64/multiarch/wcslen.c
fn=wcslen
29 6
fl=./wcsmbs/../sysdeps/x86_64/multiarch/wcsncat.c
fn=wcsncat
29 2
fl=./wcsmbs/../sysdeps/x86_64/multiarch/wcsncpy.c
fn=wcsncpy
31 2
fl=./wcsmbs/../sysdeps/x86_64/multiarch/wcsnlen.c
fn=wcsnlen
30 6
fl=./wcsmbs/../sysdeps/x86_64/multiarch/wmemchr.c
fn=wmemchr
31 4
fl=./wcsmbs/../sysdeps/x86_64/multiarch/wmemcmp.c
fn=wmemcmp
29 4
fl=./wcsmbs/../sysdeps/x86_64/multiarch/wmemset.c
fn=wmemset
31 4
fl=???
fn=???
0 1822
fn=InitializeCommonInterceptors()
0 6665
fn=__asan::AppendToErrorMessageBuffer(char const*)
0 6231
fn=__asan::AsanActivate()
0 10
fn=__asan::AsanCheckDynamicRTPrereqs()
0 2
fn=__asan::AsanCheckIncompatibleRT()
0 1116
fn=__asan::AsanDie()
0 17
fn=__asan::AsanDoesNotSupportStaticLinkage()
0 3
fn=__asan::AsanInitInternal()
0 48
fn=__asan::InitializeAsanInterceptors()
0 249
fn=__asan::InitializeFlags()
0 706
fn=__asan::InitializeHighMemEnd()
0 22
fn=__asan::InitializePlatformExceptionHandlers()
0 2
fn=__asan::InitializePlatformInterceptors()
0 2
fn=__asan::InitializeShadowMemory()
0 55
fn=__asan::MaybeReportLinuxPIEBug()
0 8
fn=__asan::ReplaceSystemMalloc()
0 2
fn=__asan::SetCanPoisonMemory(bool)
0 3
fn=__asan::SetMallocContextSize(unsigned int)
0 3
fn=__asan::TryAsanInitFromRtl()
0 1260
fn=__asan_default_options
0 3
fn=__asan_init
0 11
fn=__interception::InterceptFunction(char const*, char const*, unsigned long*, unsigned long, unsigned long)
0 21
fn=__interception::InterceptFunction(char const*, unsigned long*, unsigned long, unsigned long)
0 13320
fn=__interceptor_free
0 3360
fn=__interceptor_malloc
0 1512
fn=__lsan::Flags::SetDefaults()
0 9
fn=__lsan::RegisterLsanFlags(__sanitizer::FlagParser*, __lsan::Flags*)
0 184
fn=__lsan_default_options
0 3
fn=__lsan_register_root_region
0 8069
fn=__lsan_unregister_root_region
0 8484
fn=__sanitizer::AddDieCallback(void (*)())
0 7
fn=__sanitizer::AndroidLogInit()
0 2
fn=__sanitizer::AppendNumber(char**, char const*, unsigned long long, unsigned char, unsigned char, bool, bool, bool)
0 55250
fn=__sanitizer::CacheBinaryName()
0 33
fn=__sanitizer::CheckASLR()
0 2
fn=__sanitizer::CloseFile(int)
0 38
fn=__sanitizer::CombinedAllocator<__sanitizer::SizeClassAllocator32<__sanitizer::AP32>, __sanitizer::LargeMmapAllocatorPtrArrayStatic>::Allocate(__sanitizer::SizeClassAllocator32LocalCache<__sanitizer::SizeClassAllocator32<__sanitizer::AP32> >*, unsigned long, unsigned long)
0 4398
fn=__sanitizer::CombinedAllocator<__sanitizer::SizeClassAllocator32<__sanitizer::AP32>, __sanitizer::LargeMmapAllocatorPtrArrayStatic>::Deallocate(__sanitizer::SizeClassAllocator32LocalCache<__sanitizer::SizeClassAllocator32<__sanitizer::AP32> >*, void*)
0 3528
fn=__sanitizer::CombinedAllocator<__sanitizer::SizeClassAllocator32<__sanitizer::AP32>, __sanitizer::LargeMmapAllocatorPtrArrayStatic>::GetActuallyAllocatedSize(void*)
0 4032
fn=__sanitizer::CommonFlags::CopyFrom(__sanitizer::CommonFlags const&)
0 6
fn=__sanitizer::CommonFlags::SetDefaults()
0 56
fn=__sanitizer::DecreaseTotalMmap(unsigned long)
0 115
fn=__sanitizer::DenseMap<__sanitizer::detail::DenseMapPair<unsigned long, unsigned long>, unsigned long, __sanitizer::DenseMapInfo<__sanitizer::detail::DenseMapPair<unsigned long, unsigned long> >, __sanitizer::detail::DenseMapPair<__sanitizer::detail::DenseMapPair<unsigned long, unsigned long>, unsigned long> >::allocateBuckets(unsigned int)
0 64
fn=__sanitizer::DenseMap<__sanitizer::detail::DenseMapPair<unsigned long, unsigned long>, unsigned long, __sanitizer::DenseMapInfo<__sanitizer::detail::DenseMapPair<unsigned long, unsigned long> >, __sanitizer::detail::DenseMapPair<__sanitizer::detail::DenseMapPair<unsigned long, unsigned long>, unsigned long> >::grow(unsigned int)
0 677
fn=__sanitizer::Die()
0 26
fn=__sanitizer::DisableCoreDumperIfNecessary()
0 7
fn=__sanitizer::DlSymAllocator<DlsymAlloc>::Allocate(unsigned long)
0 3108
fn=__sanitizer::DumpProcessMap()
0 812
fn=__sanitizer::FlagParser::FlagParser()
0 39
fn=__sanitizer::FlagParser::ParseString(char const*, char const*)
0 140
fn=__sanitizer::FlagParser::ParseStringFromEnv(char const*)
0 78
fn=__sanitizer::FlagParser::RegisterHandler(char const*, __sanitizer::FlagHandlerBase*, char const*)
0 4303
fn=__sanitizer::GetEnv(char const*)
0 3846
fn=__sanitizer::GetGlobalLowLevelAllocator()
0 1002
fn=__sanitizer::GetMaxUserVirtualAddress()
0 3
fn=__sanitizer::GetMmapGranularity()
0 6
fn=__sanitizer::GetNamedMappingFd(char const*, unsigned long, int*)
0 540
fn=__sanitizer::GetPageSize()
0 12
fn=__sanitizer::GetProcessName()
0 18
fn=__sanitizer::IncreaseTotalMmap(unsigned long)
0 150
fn=__sanitizer::InitializeCommonFlags(__sanitizer::CommonFlags*)
0 7
fn=__sanitizer::InitializeMemintrinsicInterceptors()
0 41
fn=__sanitizer::InitializePlatformCommonFlags(__sanitizer::CommonFlags*)
0 2
fn=__sanitizer::InitializePlatformEarly()
0 2
fn=__sanitizer::InternalAlloc(unsigned long, __sanitizer::SizeClassAllocator32LocalCache<__sanitizer::SizeClassAllocator32<__sanitizer::AP32> >*, unsigned long)
0 2268
fn=__sanitizer::InternalFree(void*, __sanitizer::SizeClassAllocator32LocalCache<__sanitizer::SizeClassAllocator32<__sanitizer::AP32> >*)
0 1764
fn=__sanitizer::IsDecimal(char)
0 11856
fn=__sanitizer::LogMessageOnPrintf(char const*)
0 375
fn=__sanitizer::LowLevelAllocator::Allocate(unsigned long)
0 9378
fn=__sanitizer::MemoryMappingLayout::Error() const
0 992
fn=__sanitizer::MemoryMappingLayout::MemoryMappingLayout(bool)
0 158
fn=__sanitizer::MemoryMappingLayout::Next(__sanitizer::MemoryMappedSegment*)
0 74182
fn=__sanitizer::MemoryMappingLayout::Reset()
0 16
fn=__sanitizer::MemoryMappingLayout::~MemoryMappingLayout()
0 40
fn=__sanitizer::MemoryRangeIsAvailable(unsigned long, unsigned long)
0 2020
fn=__sanitizer::MmapAlignedOrDieOnFatalError(unsigned long, unsigned long, char const*)
0 317
fn=__sanitizer::MmapOrDie(unsigned long, char const*, bool)
0 1352
fn=__sanitizer::MmapOrDieOnFatalError(unsigned long, char const*)
0 196
fn=__sanitizer::OpenFile(char const*, __sanitizer::FileAccessMode, int*)
0 665
fn=__sanitizer::ParseHex(char const**)
0 110528
fn=__sanitizer::Printf(char const*, ...)
0 1518
fn=__sanitizer::RawWrite(char const*)
0 675
fn=__sanitizer::ReadBinaryName(char*, unsigned long)
0 18
fn=__sanitizer::ReadFileToBuffer(char const*, char**, unsigned long*, unsigned long*, unsigned long, int*)
0 1719
fn=__sanitizer::ReadFromFile(int, void*, unsigned long, unsigned long*, int*)
0 945
fn=__sanitizer::ReadLongProcessName(char*, unsigned long)
0 28
fn=__sanitizer::ReadProcMaps(__sanitizer::ProcSelfMapsBuff*)
0 112
fn=__sanitizer::RegisterCommonFlags(__sanitizer::FlagParser*, __sanitizer::CommonFlags*)
0 3285
fn=__sanitizer::RemoveANSIEscapeSequencesFromString(char*)
0 51815
fn=__sanitizer::Report(char const*, ...)
0 132
fn=__sanitizer::ReportFile::ReopenIfNecessary()
0 1575
fn=__sanitizer::ReportFile::SetReportPath(char const*)
0 33
fn=__sanitizer::ReportFile::Write(char const*, unsigned long)
0 2025
fn=__sanitizer::SetCheckUnwindCallback(void (*)())
0 3
fn=__sanitizer::SetLowLevelAllocateCallback(void (*)(unsigned long, unsigned long))
0 3
fn=__sanitizer::SetLowLevelAllocateMinAlignment(unsigned long)
0 9
fn=__sanitizer::SetPrintfAndReportCallback(void (*)(char const*))
0 3
fn=__sanitizer::SharedPrintfCode(bool, char const*, __va_list_tag*)
0 525
fn=__sanitizer::SharedPrintfCodeNoBuffer(bool, char*, int, char const*, __va_list_tag*)
0 4251
fn=__sanitizer::SizeClassAllocator32<__sanitizer::AP32>::AllocateBatch(__sanitizer::AllocatorStats*, __sanitizer::SizeClassAllocator32LocalCache<__sanitizer::SizeClassAllocator32<__sanitizer::AP32> >*, unsigned long)
0 1557
fn=__sanitizer::SizeClassAllocator32<__sanitizer::AP32>::GetActuallyAllocatedSize(void*)
0 6384
fn=__sanitizer::SizeClassAllocator32<__sanitizer::AP32>::PopulateFreeList(__sanitizer::AllocatorStats*, __sanitizer::SizeClassAllocator32LocalCache<__sanitizer::SizeClassAllocator32<__sanitizer::AP32> >*, __sanitizer::SizeClassAllocator32<__sanitizer::AP32>::SizeClassInfo*, unsigned long)
0 1501832
fn=__sanitizer::SizeClassAllocator32LocalCache<__sanitizer::SizeClassAllocator32<__sanitizer::AP32> >::CreateBatch(unsigned long, __sanitizer::SizeClassAllocator32<__sanitizer::AP32>*, __sanitizer::SizeClassAllocator32<__sanitizer::AP32>::TransferBatch*)
0 69
fn=__sanitizer::SizeClassAllocator32LocalCache<__sanitizer::SizeClassAllocator32<__sanitizer::AP32> >::Deallocate(__sanitizer::SizeClassAllocator32<__sanitizer::AP32>*, unsigned long, void*)
0 3045
fn=__sanitizer::SizeClassAllocator32LocalCache<__sanitizer::SizeClassAllocator32<__sanitizer::AP32> >::Refill(__sanitizer::SizeClassAllocator32LocalCache<__sanitizer::SizeClassAllocator32<__sanitizer::AP32> >::PerClass*, __sanitizer::SizeClassAllocator32<__sanitizer::AP32>*, unsigned long)
0 6297
fn=__sanitizer::TwoLevelMap<unsigned char, 32768ull, 4096ull, __sanitizer::LocalAddressSpaceView>::Create(unsigned long) const
0 32
fn=__sanitizer::UnmapOrDie(void*, unsigned long)
0 1244
fn=__sanitizer::VSNPrintf(char*, int, char const*, __va_list_tag*)
0 53736
fn=__sanitizer::WaitForDebugger(unsigned int, char const*)
0 8
fn=__sanitizer::detail::DenseMapPair<__sanitizer::detail::DenseMapPair<unsigned long, unsigned long>, unsigned long>* __sanitizer::DenseMapBase<__sanitizer::DenseMap<__sanitizer::detail::DenseMapPair<unsigned long, unsigned long>, unsigned long, __sanitizer::DenseMapInfo<__sanitizer::detail::DenseMapPair<unsigned long, unsigned long> >, __sanitizer::detail::DenseMapPair<__sanitizer::detail::DenseMapPair<unsigned long, unsigned long>, unsigned long> >, __sanitizer::detail::DenseMapPair<unsigned long, unsigned long>, unsigned long, __sanitizer::DenseMapInfo<__sanitizer::detail::DenseMapPair<unsigned long, unsigned long> >, __sanitizer::detail::DenseMapPair<__sanitizer::detail::DenseMapPair<unsigned long, unsigned long>, unsigned long> >::InsertIntoBucketImpl<__sanitizer::detail::DenseMapPair<unsigned long, unsigned long> >(__sanitizer::detail::DenseMapPair<unsigned long, unsigned long> const&, __sanitizer::detail::DenseMapPair<unsigned long, unsigned long> const&, __sanitizer::detail::DenseMapPair<__sanitizer::detail::DenseMapPair<unsigned long, unsigned long>, unsigned long>*)
0 2358
fn=__sanitizer::internal__exit(int)
0 5
fn=__sanitizer::internal_allocator()
0 3058
fn=__sanitizer::internal_close(int)
0 95
fn=__sanitizer::internal_getpid()
0 24
fn=__sanitizer::internal_iserror(unsigned long, int*)
0 882
fn=__sanitizer::internal_memchr(void const*, int, unsigned long)
0 275604
fn=__sanitizer::internal_memcmp(void const*, void const*, unsigned long)
0 2418
fn=__sanitizer::internal_mmap(void*, unsigned long, int, int, int, unsigned long long)
0 510
fn=__sanitizer::internal_munmap(void*, unsigned long)
0 92
fn=__sanitizer::internal_open(char const*, int, unsigned int)
0 209
fn=__sanitizer::internal_read(int, void*, unsigned long)
0 360
fn=__sanitizer::internal_snprintf(char*, unsigned long, char const*, ...)
0 102
fn=__sanitizer::internal_strlen(char const*)
0 29001
fn=__sanitizer::internal_strncpy(char*, char const*, unsigned long)
0 6416071
fn=__sanitizer::internal_strrchr(char const*, int)
0 91
fn=__sanitizer::internal_strstr(char const*, char const*)
0 54846
fn=__sanitizer::internal_write(int, void const*, unsigned long)
0 600
fn=__sanitizer::setlim(int, unsigned long)
0 19
fn=__sanitizer_internal_memcpy
0 166
fn=__sanitizer_internal_memmove
0 32
fn=__sanitizer_internal_memset
0 730681
fn=__sanitizer_on_print
0 150
fn=__sanitizer_set_report_path
0 4
fn=__ubsan::Flags::SetDefaults()
0 6
fn=__ubsan::RegisterUbsanFlags(__sanitizer::FlagParser*, __ubsan::Flags*)
0 74
fn=__ubsan_default_options
0 3
fn=bool __sanitizer::DenseMapBase<__sanitizer::DenseMap<__sanitizer::detail::DenseMapPair<unsigned long, unsigned long>, unsigned long, __sanitizer::DenseMapInfo<__sanitizer::detail::DenseMapPair<unsigned long, unsigned long> >, __sanitizer::detail::DenseMapPair<__sanitizer::detail::DenseMapPair<unsigned long, unsigned long>, unsigned long> >, __sanitizer::detail::DenseMapPair<unsigned long, unsigned long>, unsigned long, __sanitizer::DenseMapInfo<__sanitizer::detail::DenseMapPair<unsigned long, unsigned long> >, __sanitizer::detail::DenseMapPair<__sanitizer::detail::DenseMapPair<unsigned long, unsigned long>, unsigned long> >::LookupBucketFor<__sanitizer::detail::DenseMapPair<unsigned long, unsigned long> >(__sanitizer::detail::DenseMapPair<unsigned long, unsigned long> const&, __sanitizer::detail::DenseMapPair<__sanitizer::detail::DenseMapPair<unsigned long, unsigned long>, unsigned long> const*&) const
0 13064
fn=free
0 84
fn=ioctl_table_fill()
0 6422
fn=malloc
0 84
fn=void __sanitizer::Sort<ioctl_desc, ioctl_desc_compare>(ioctl_desc*, unsigned long, ioctl_desc_compare)
0 107541
summary: 12194538
